Current directory: /nfsmnt/120010048/csc4005-final-ver/project4
Softmax Sequential
Training softmax regression
| Epoch | Train Loss | Train Err | Test Loss | Test Err |
|     0 |    0.35134 |   0.10182 |   0.33588 |  0.09400 |
|     1 |    0.32142 |   0.09268 |   0.31085 |  0.08730 |
|     2 |    0.30802 |   0.08795 |   0.30097 |  0.08550 |
|     3 |    0.29987 |   0.08532 |   0.29558 |  0.08370 |
|     4 |    0.29415 |   0.08323 |   0.29215 |  0.08230 |
|     5 |    0.28980 |   0.08182 |   0.28973 |  0.08090 |
|     6 |    0.28633 |   0.08085 |   0.28793 |  0.08080 |
|     7 |    0.28345 |   0.07997 |   0.28651 |  0.08040 |
|     8 |    0.28099 |   0.07923 |   0.28537 |  0.08010 |
|     9 |    0.27886 |   0.07847 |   0.28442 |  0.07970 |
Execution Time: 10868 milliseconds

Softmax OpenACC
Training softmax regression (GPU)
| Epoch | Train Loss | Train Err | Test Loss | Test Err |
|     0 |    0.35134 |   0.10182 |   0.33588 |  0.09400 |
|     1 |    0.32142 |   0.09268 |   0.31086 |  0.08730 |
|     2 |    0.30802 |   0.08795 |   0.30097 |  0.08550 |
|     3 |    0.29987 |   0.08532 |   0.29558 |  0.08370 |
|     4 |    0.29415 |   0.08323 |   0.29215 |  0.08230 |
|     5 |    0.28980 |   0.08182 |   0.28973 |  0.08090 |
|     6 |    0.28633 |   0.08085 |   0.28793 |  0.08080 |
|     7 |    0.28345 |   0.07997 |   0.28651 |  0.08040 |
|     8 |    0.28099 |   0.07923 |   0.28537 |  0.08010 |
|     9 |    0.27886 |   0.07847 |   0.28442 |  0.07970 |
Execution Time: 3624 milliseconds

NN Sequential
Training two layer neural network w/ 400 hidden units
| Epoch | Train Loss | Train Err | Test Loss | Test Err |
|     0 |    0.13365 |   0.03995 |   0.14203 |  0.04290 |
|     1 |    0.09597 |   0.02967 |   0.11524 |  0.03610 |
|     2 |    0.07262 |   0.02187 |   0.10002 |  0.03100 |
|     3 |    0.05818 |   0.01702 |   0.09115 |  0.02800 |
|     4 |    0.04759 |   0.01313 |   0.08488 |  0.02620 |
|     5 |    0.03931 |   0.01023 |   0.08012 |  0.02530 |
|     6 |    0.03313 |   0.00828 |   0.07670 |  0.02470 |
|     7 |    0.02857 |   0.00700 |   0.07464 |  0.02380 |
|     8 |    0.02475 |   0.00592 |   0.07267 |  0.02300 |
|     9 |    0.02146 |   0.00483 |   0.07099 |  0.02250 |
|    10 |    0.01911 |   0.00388 |   0.07011 |  0.02200 |
|    11 |    0.01702 |   0.00322 |   0.06922 |  0.02170 |
|    12 |    0.01513 |   0.00253 |   0.06850 |  0.02130 |
|    13 |    0.01368 |   0.00218 |   0.06807 |  0.02100 |
|    14 |    0.01243 |   0.00168 |   0.06768 |  0.02080 |
|    15 |    0.01121 |   0.00122 |   0.06732 |  0.02020 |
|    16 |    0.01035 |   0.00093 |   0.06711 |  0.01990 |
|    17 |    0.00944 |   0.00078 |   0.06695 |  0.02020 |
|    18 |    0.00870 |   0.00065 |   0.06667 |  0.01990 |
|    19 |    0.00802 |   0.00055 |   0.06642 |  0.01960 |
Execution Time: 886624milliseconds

NN OpenACC
Training two layer neural network w/ 400 hidden units (GPU)
| Epoch | Train Loss | Train Err | Test Loss | Test Err |
|     0 |    0.13465 |   0.04023 |   0.14293 |  0.04240 |
|     1 |    0.09652 |   0.03020 |   0.11593 |  0.03700 |
|     2 |    0.07343 |   0.02210 |   0.10038 |  0.03190 |
|     3 |    0.05790 |   0.01688 |   0.09042 |  0.02850 |
|     4 |    0.04730 |   0.01327 |   0.08424 |  0.02710 |
|     5 |    0.03908 |   0.01022 |   0.07933 |  0.02540 |
|     6 |    0.03302 |   0.00832 |   0.07611 |  0.02440 |
|     7 |    0.02819 |   0.00687 |   0.07380 |  0.02400 |
|     8 |    0.02449 |   0.00562 |   0.07224 |  0.02300 |
|     9 |    0.02135 |   0.00467 |   0.07098 |  0.02290 |
|    10 |    0.01864 |   0.00368 |   0.06975 |  0.02160 |
|    11 |    0.01659 |   0.00302 |   0.06906 |  0.02140 |
|    12 |    0.01493 |   0.00243 |   0.06844 |  0.02170 |
|    13 |    0.01362 |   0.00202 |   0.06832 |  0.02120 |
|    14 |    0.01212 |   0.00157 |   0.06784 |  0.02060 |
|    15 |    0.01108 |   0.00120 |   0.06736 |  0.02020 |
|    16 |    0.01023 |   0.00092 |   0.06732 |  0.02030 |
|    17 |    0.00925 |   0.00080 |   0.06691 |  0.02030 |
|    18 |    0.00856 |   0.00062 |   0.06699 |  0.02020 |
|    19 |    0.00803 |   0.00042 |   0.06693 |  0.02010 |
Execution Time: 45424 milliseconds

